2 2
3 2
4 2
5 2
6 2
7 2
8 2
9 2
10 2
11 2
12 2
13 2
14 2
15 2
16 2
17 2
18 2
19 2
20 2
21 2
22 2
23 2
24 2
25 2
26 2
27 2
28 2
31 2
32 2
33 2
34 2
35 2
36 2
38 2
39 2
40 2
41 2
6 3
7 3
9 2
11 2
12 2
15 3
16 2
19 2
26 3
28 3
31 3
33 3
38 3
41 3
5 4
7 4
9 4
10 3
13 3
15 3
18 3
20 3
23 3
28 4
31 4
34 4
40 4
4 5
6 5
9 4
11 4
21 4
28 5
31 5
33 5
35 5
39 5
41 5
3 7
5 7
7 7
8 7
11 7
13 7
16 7
18 7
21 7
24 7
26 7
28 7
31 7
30 7
37 8
39 7
32 9
37 9
38 9
40 8
5 10
6 10
7 10
8 10
30 9
36 10
37 10
39 10
39 9
2 10
3 10
4 10
8 11
11 11
12 11
13 11
14 11
22 11
23 11
24 11
25 11
32 11
36 11
40 11
40 10
2 11
4 11
7 12
13 12
14 12
15 12
16 12
20 12
21 12
22 12
23 12
32 11
37 12
6 13
10 12
3 13
11 13
12 13
13 13
22 13
28 14
35 14
37 14
42 14
2 14
5 14
11 14
12 14
13 14
23 14
25 15
30 15
42 15
3 15
7 15
10 15
12 15
22 15
23 15
24 15
26 16
29 16
36 16
38 16
3 16
23 16
25 17
27 17
35 17
37 17
42 17
22 17
26 18
36 18
42 18
9 19
10 18
11 18
12 18
15 19
32 19
35 19
8 20
10 19
11 19
12 19
16 20
24 19
26 19
28 19
33 20
37 20
37 19
42 20
9 21
10 21
17 21
36 21
39 21
40 20
10 22
12 22
14 22
14 21
18 22
20 22
22 21
37 22
38 21
41 22
42 22
9 23
11 23
13 23
15 23
16 23
21 23
33 23
35 23
37 23
39 23
1 24
2 24
3 24
4 24
5 24
6 24
7 24
8 24
9 24
10 24
11 24
12 24
13 24
14 24
15 24
16 24
17 24
18 24
19 24
20 24
21 24
22 24
24 24
26 24
27 24
28 24
29 24
31 24
34 24
37 24
41 24
